30
23 -6 47 -69 89 72 -55 -37 -88 -23 -16 53 -39 -13 23 -79 -72 39 58 23 -39 -93 -40 -40 66 29 -13 -70 -58 50 -18864
-76 49 29 -70 -39 -89 -10 44 -79 18 41 -84 23 -70 3 89 -25 -48 -96 -49 62 -13 28 -47 -43 -5 -18 -84 32 -1 -22359
50 -61 -43 -33 -21 41 53 -100 86 62 -74 94 -28 73 -76 82 30 -85 35 20 -49 14 -61 -100 56 -87 -73 95 -14 92 -6394
71 -49 -100 -43 50 26 -64 44 92 -10 71 20 53 66 -94 8 2 50 98 -76 71 -43 38 14 1 -44 -13 20 90 -41 8950
77 23 -16 71 -75 -83 -77 -10 -67 -63 -64 96 -29 -43 -43 -68 74 83 51 -100 -67 -37 -80 79 38 -37 62 -10 34 -22 -12439
17 -64 -64 17 83 92 98 -13 -85 74 84 92 -76 -31 -28 83 -6 35 -31 17 -82 -55 -82 -16 -58 -97 75 -69 -68 93 4802
8 -100 -85 67 -13 -96 -94 -52 -52 -89 13 -4 23 -28 62 -13 -84 -33 -97 -82 -53 -54 -55 71 20 77 64 93 0 47 -21784
-32 84 68 92 -34 -73 -61 -79 80 -55 8 87 2 27 -79 9 11 76 53 -67 76 -23 89 -94 -76 -31 11 77 14 -94 113
11 -72 -100 -88 -55 -34 29 74 -100 -40 86 -23 -34 -29 3 -33 71 59 -100 -100 26 2 54 -49 -79 -67 -4 -97 -93 -27 -33557
17 60 -4 -94 -97 50 -34 32 20 -11 -64 -3 -37 48 58 -28 95 -100 -39 62 44 19 -97 -73 -2 80 -18 62 68 30 -96
68 -10 -33 65 8 -100 68 77 -28 -88 -67 32 66 -96 -100 -34 70 -100 11 44 95 63 62 32 16 -19 -61 -33 65 -79 -4905
100 36 -92 22 -43 -92 96 29 -85 -97 -100 95 51 62 71 37 -100 -40 -4 26 -22 -52 -46 56 -34 -7 55 -4 -47 21 9357
14 -76 30 -13 33 -31 89 100 -47 -55 -100 68 -34 -55 19 -100 32 -30 -3 -86 36 -27 41 71 74 49 -20 79 8 2 8960
-67 -49 53 32 -33 50 85 -34 17 63 -78 15 -65 -100 32 -43 88 86 -44 -10 -61 98 -19 89 -100 77 75 23 -36 -74 13733
62 10 -86 66 32 98 58 13 -5 -19 26 -49 2 -63 -88 74 79 -70 -41 -13 -26 -100 -91 3 -100 -35 -22 41 5 63 -10220
-19 17 -51 -43 -100 -28 5 -44 20 -37 -13 -52 -45 -16 -96 -33 14 -61 -81 74 23 -26 80 44 96 -73 49 80 -93 5 -30756
53 -74 -60 -16 47 11 -76 -25 4 -100 95 20 11 -88 66 15 -14 71 65 -92 68 68 94 62 5 -37 87 -11 62 86 25286
44 38 89 -22 -82 -82 23 -97 -4 65 58 75 -51 -19 56 41 -58 44 65 29 -82 95 41 55 -100 -34 20 53 -76 96 16400
26 71 31 -28 -52 -31 -37 71 -73 2 -62 23 -76 86 92 77 -49 49 -53 74 -100 -98 -52 -49 -76 -76 -70 92 41 -50 -13882
-6 18 84 -96 21 65 37 71 70 -20 -83 -46 -100 -40 58 -64 -38 -73 74 76 -73 53 2 83 34 -87 89 68 -90 92 395
97 3 -77 34 56 53 28 14 -61 98 -84 78 53 98 1 -44 -22 -49 -100 32 -68 14 -16 66 56 -70 74 23 35 31 23902
51 50 41 46 85 89 -48 71 95 -45 20 44 83 5 77 -67 -100 62 -10 -2 -10 -100 2 35 -7 100 56 75 38 86 42650
-58 67 -55 8 -74 15 26 -13 -7 86 -63 -46 -97 83 -31 -40 98 77 -34 -98 -25 80 97 -31 -100 -49 -25 -100 1 -82 994
5 -34 53 34 32 92 44 91 86 -25 85 -31 68 -61 -4 53 38 50 32 59 -28 33 -34 -25 -40 20 -32 -82 -49 65 19100
-100 -94 29 76 -4 -40 35 -55 56 95 -80 -85 -82 26 -4 21 -84 -73 -93 -24 -25 -94 -46 89 -16 77 -75 87 -35 -40 -19074
38 73 -87 71 92 -94 -44 -52 -70 58 38 -100 -57 -25 -76 35 -70 23 -76 27 18 -67 8 -85 74 -10 -46 -19 -91 -46 -43399
-37 -27 -61 -100 -94 83 32 -75 -4 32 3 -100 -16 77 -73 -37 -73 -51 -10 -60 -32 -4 -67 51 -7 28 -32 -16 47 86 -13179
92 -7 -33 62 -76 51 -7 -1 -17 -20 -79 -40 5 80 18 -65 19 59 -28 -83 -15 -100 -76 83 -10 -76 22 -94 -16 77 5443
-76 23 -72 2 29 -13 -91 -28 -76 95 11 71 -4 -64 -43 80 -85 36 -37 -63 -76 56 -69 -43 92 47 -67 -16 17 38 -15587
58 -61 -62 80 -77 -78 80 32 -4 -3 -49 -16 -73 -40 42 83 -32 94 51 8 80 80 -67 50 83 -55 -39 -97 -84 47 13623
